[0,0,0]/[15.872,0,0]/[0,-6.93787e-007,15.872]/[15.872,-6.93787e-007,15.872]
[0,0,0]/[3.968,0,0]/[0,-1.73447e-007,3.968]/[3.968,-1.73447e-007,3.968]
[-54.932,-82.46,-3.60444e-006]/[-70.06,-70.184,-3.06784e-006]/[0,-4.33617e-006,99.2]/[-82.336,-55.056,-2.40657e-006]
[16.12,-10.788,97.34]/[0,-4.33617e-006,99.2]/[17.856,-7.44,97.34]/[0,-4.33617e-006,99.2]
[0,0,0]/[238.08,0,0]/[0,-5.85383e-006,133.92]/[238.08,-5.85383e-006,133.92]
[0,0,0]/[59.52,0,0]/[0,-1.46346e-006,33.48]/[59.52,-1.46346e-006,33.48]
[0,0,0]/[14.88,0,0]/[0,-3.65864e-007,8.37]/[14.88,-3.65864e-007,8.37]
[0.992,-0.992,0]/[1.488,-0.992,2.04682e-007]/[1.45941,-0.992,0.290294]/[0.972939,-0.992,0.19353]
[0,0.00542021,-124000]/[0.992,-0.98658,-124000]/[0.992,0.00542021,-124000]/[0,-0.98658,-124000]
[0,0.00542021,-124000]/[0.992,0.00542021,-124000]/[0,2480.01,-124000]/[1.984,0.00542021,-124000]
[0,0,0]/[7.936,0,0]/[0,-3.46894e-007,7.936]/[7.936,-3.46894e-007,7.936]
[0,0,0]/[1.984,0,0]/[0,0,1.984]/[1.984,0,1.984]
[0.992,-0.496,0.248]/[0,-0.496,0]/[0.992,-0.496,0]/[0.992,-0.496,-0.124]
[0.372,-0.124,0.868]/[0.744,-0.124,0.744]/[0.868,-0.124,0.372]/[-0.248,-0.124,0.868]
[12.524,-3.25213e-007,7.44]/[12.524,-3.25213e-007,7.44]/[12.524,-3.25213e-007,7.44]/[12.524,-3.25213e-007,7.44]
[12.4,-3.25213e-007,7.44]/[12.4,-3.25213e-007,7.44]/[12.4,-3.25213e-007,7.44]/[12.4,-3.25213e-007,7.44]
[12.524,-3.36053e-007,7.688]/[12.524,-3.36053e-007,7.688]/[12.524,-3.36053e-007,7.688]/[12.524,-3.36053e-007,7.688]
[0,0,0]/[0.124,0,0]/[0,0,0.124]/[0.124,0,0.124]
